Coordenadas:
10 10 200
30 10 200.07
50 10 200.14
70 10 200.21
90 10 200.28
110 10 200.35
130 10 200.42
150 10 200.49
170 10 200.56
190 10 200.63
210 10 200.7
230 10 200.77
250 10 200.84
270 10 200.91
10 30 200.98
30 30 201.05
50 30 201.12
70 30 201.19
90 30 201.26
110 30 201.33
130 30 201.4
150 30 201.47
170 30 201.54
190 30 201.61
210 30 201.68
230 30 201.75
250 30 201.82
270 30 201.89
10 50 201.96
30 50 202.03
50 50 202.1
70 50 202.17
90 50 202.24
110 50 202.31
130 50 202.38
150 50 202.45
170 50 202.52
190 50 202.59
210 50 202.66
230 50 202.73
250 50 202.8
270 50 202.87
10 70 202.94
30 70 203.01
50 70 203.08
70 70 203.15
90 70 203.22
110 70 203.29
130 70 203.36
150 70 203.43
170 70 203.5
190 70 203.57
210 70 203.64
230 70 203.71
250 70 203.78
270 70 203.85
10 90 203.92
30 90 203.99
50 90 204.06
70 90 204.13
90 90 204.2
110 90 204.27
130 90 204.34
150 90 204.41
170 90 204.48
190 90 204.55
210 90 204.62
230 90 204.69
250 90 204.76
270 90 204.831
10 110 204.901
30 110 204.971
50 110 205.041
70 110 205.111
90 110 205.181
110 110 205.251
130 110 205.321
150 110 205.391
170 110 205.461
190 110 205.531
210 110 205.601
230 110 205.671
250 110 205.741
270 110 205.811
10 130 205.881
30 130 205.951
50 130 206.021
70 130 206.091
90 130 206.161
110 130 206.231
130 130 206.301
150 130 206.371
170 130 206.441
190 130 206.511
210 130 206.581
230 130 206.651
250 130 206.721
270 130 206.791
10 150 206.861
30 150 206.931
50 150 207.001
70 150 207.071
90 150 207.141
110 150 207.211
130 150 207.281
150 150 207.351
170 150 207.421
190 150 207.491
210 150 207.561
230 150 207.631
250 150 207.701
270 150 207.771
10 170 207.841
30 170 207.911
50 170 207.981
70 170 208.051
90 170 208.121
110 170 208.191
130 170 208.261
150 170 208.331
170 170 208.401
190 170 208.471
210 170 208.541
230 170 208.611
250 170 208.681
270 170 208.751
10 190 208.821
30 190 208.891
50 190 208.961
70 190 209.031
90 190 209.101
110 190 209.171
130 190 209.241
150 190 209.311
170 190 209.381
190 190 209.451
210 190 209.521
230 190 209.591
250 190 209.661
270 190 209.731
10 210 209.801
30 210 209.871
50 210 209.941
70 210 210.011
90 210 210.081
110 210 210.151
130 210 210.221
150 210 210.291
170 210 210.361
190 210 210.431
210 210 210.501
230 210 210.571
250 210 210.641
270 210 210.711
10 230 210.781
30 230 210.851
50 230 210.921
70 230 210.991
90 230 211.061
110 230 211.131
130 230 211.201
150 230 211.271
170 230 211.341
190 230 211.411
210 230 211.481
230 230 211.551
250 230 211.621
270 230 211.691
10 250 211.761
30 250 211.831
50 250 211.901
70 250 211.971
90 250 212.041
110 250 212.111
130 250 212.181
150 250 212.251
170 250 212.321
190 250 212.391
210 250 212.461
230 250 212.531
250 250 212.601
270 250 212.671
10 270 212.741
30 270 212.811
50 270 212.881
70 270 212.951
90 270 213.021
110 270 213.091
130 270 213.161
150 270 213.231
170 270 213.301
190 270 213.371
210 270 213.441
230 270 213.511
250 270 213.581
270 270 213.651
Ciclo Hamiltoniano:
0 1 2 3 17 31 45 32 33 47 61 75 76 77 62 48 34 49 64 79 93 107 121 134 133 132 131 130 129 128 141 155 156 157 158 159 160 162 163 164 165 166 180 179 178 177 176 161 146 145 144 143 142 140 154 169 170 171 172 173 174 175 190 191 192 193 194 195 181 167 152 151 137 123 109 95 81 67 54 39 24 25 26 40 68 82 96 110 111 97 83 69 55 41 27 13 12 11 10 9 8 23 22 21 35 50 65 66 80 94 92 91 90 103 102 101 100 99 104 105 120 119 118 117 116 115 114 113 112 98 84 85 72 59 73 71 57 43 29 16 15 28 14 0 
Obstaculos:
250 190
10 270
90 70
270 170
70 270
90 270
90 10
110 10
130 10
210 70
210 190
210 210
110 270
150 90
10 190
110 130
210 150
250 170
190 190
50 130
170 150
150 210
190 50
210 170
50 270
230 70
130 270
90 30
130 30
270 190
30 270
270 210
170 50
190 70
10 70
10 90
10 110
50 70
90 130
170 210
70 130
150 270
150 10
50 90
10 250
30 190
110 30
90 110
90 90
170 110
50 50
190 210
210 50
Valor Total do Ciclo: 4212.31
